0.0 214
0.03328451604313676 208
0.06656903208627352 202
0.09985354812941027 182
0.13313806417254692 158
0.16642258021568368 124
0.19970709625882033 86
0.23299161230195709 46
0.26627612834509384 -4
0.2995606443882306 -46
0.33284516043136736 -82
0.3661296764745039 -118
0.3994141925176409 -150
0.43269870856077763 -170
0.46598322460391417 -182
0.49926774064705115 -192
0.5325522566901877 -186
0.5658367727333244 -174
0.5991212887764612 -156
0.632405804819598 -130
0.6656903208627347 -98
0.6989748369058715 -62
0.732259352949008 -24
0.765543868992145 18
0.7988283850352815 56
0.8321129010784183 94
0.865397417121555 128
0.8986819331646918 152
0.9319664492078286 174
0.9652509652509653 184
0.9985354812941019 192
1.0318199973372388 184
1.0651045133803754 174
1.0983890294235121 154
1.1316735454666491 126
1.1649580615097856 92
1.1982425775529226 54
1.231527093596059 18
1.2648116096391961 -24
1.2980961256823325 -62
1.3313806417254692 -96
1.364665157768606 -124
1.3979496738117427 -148
1.4312341898548795 -160
1.4645187058980162 -168
1.497803221941153 -174
1.5310877379842898 -164
1.564372254027426 -150
1.5976567700705633 -130
1.6309412861137 -102
1.6642258021568364 -72
1.6975103181999736 -36
1.7307948342431103 2
1.7640793502862466 40
1.7973638663293838 76
1.8306483823725206 104
1.863932898415657 134
1.8972174144587937 154
1.9305019305019304 166
1.9637864465450672 174
1.997070962588204 172
2.030355478631341 164
2.0636399946744772 146
2.0969245107176144 126
2.1302090267607507 96
2.163493542803888 64
2.1967780588470243 28
2.2300625748901615 -8
2.263347090933298 -44
2.296631606976434 -74
2.3299161230195713 -102
2.3632006390627085 -126
2.396485155105845 -142
2.429769671148981 -154
2.4630541871921183 -158
2.4963387032352546 -154
2.529623219278392 -142
2.562907735321528 -126
2.5961922513646654 -102
2.6294767674078017 -76
2.662761283450939 -46
2.696045799494075 -14
2.7293303155372124 24
2.7626148315803487 58
2.795899347623486 86
2.8291838636666222 110
2.8624683797097585 132
2.8957528957528957 148
2.929037411796032 158
2.9623219278391693 156
2.9956064438823065 152
3.0288909599254428 140
3.062175475968579 120
3.0954599920117163 98
3.1287445080548526 68
3.16202902409799 38
3.195313540141126 8
3.2285980561842633 -28
3.2618825722273996 -58
3.295167088270536 -82
3.328451604313673 -106
3.3617361203568104 -126
3.3950206363999467 -134
3.428305152443083 -142
3.46158966848622 -140
3.4948741845293565 -132
3.5281587005724937 -122
3.56144321661563 -102
3.5947277326587663 -78
3.6280122487019035 -50
3.66129676474504 -22
3.694581280788177 12
3.7278657968313142 42
3.7611503128744506 68
3.794434828917587 94
3.827719344960724 114
3.8610038610038604 130
3.8942883770469976 144
3.927572893090135 144
3.9608574091332702 146
3.9941419251764074 132
4.027426441219545 114
4.060710957262681 94
4.093995473305818 70
4.127279989348955 42
4.160564505392091 14
4.193849021435228 -16
4.227133537478365 -46
4.2604180535215015 -72
4.293702569564639 -94
4.326987085607775 -110
4.360271601650911 -122
4.3935561176940485 -128
4.426840633737186 -130
4.460125149780322 -124
4.493409665823459 -116
4.526694181866595 -100
4.559978697909732 -78
4.593263213952869 -56
4.626547729996005 -30
4.659832246039143 -2
4.693116762082279 28
4.726401278125415 52
4.759685794168552 78
4.79297031021169 98
4.826254826254826 116
4.859539342297962 122
4.8928238583410995 126
4.926108374384236 130
4.959392890427373 122
4.99267740647051 110
5.0259619225136465 92
5.059246438556783 70
5.09253095459992 46
5.125815470643056 22
5.1590999866861935 -8
5.192384502729331 -30
5.225669018772466 -58
5.258953534815603 -80
5.2922380508587406 -96
5.325522566901877 -110
5.358807082945014 -118
5.392091598988151 -120
5.425376115031287 -116
5.458660631074424 -110
5.49194514711756 -98
5.525229663160697 -78
5.558514179203835 -58
5.59179869524697 -34
5.625083211290107 -8
5.6583677273332444 18
5.691652243376381 40
5.724936759419518 66
5.758221275462655 86
5.791505791505791 100
5.824790307548928 112
5.858074823592065 118
5.891359339635201 118
5.9246438556783385 114
5.957928371721475 104
5.991212887764611 90
6.024497403807748 70
6.0577819198508855 48
6.091066435894022 24
6.124350951937158 0
6.157635467980295 -24
6.190919984023432 -46
6.224204500066569 -68
6.257489016109706 -86
6.290773532152842 -98
6.324058048195979 -106
6.357342564239116 -110
6.390627080282252 -108
6.423911596325389 -102
6.457196112368526 -90
6.490480628411662 -76
6.523765144454799 -58
6.557049660497936 -36
6.590334176541073 -14
6.62361869258421 10
6.656903208627346 34
6.690187724670483 52
6.72347224071362 74
6.756756756756756 90
6.790041272799893 100
6.8233257888430305 106
6.856610304886166 110
6.889894820929303 106
6.92317933697244 98
6.956463853015577 86
6.989748369058714 70
7.023032885101851 50
7.0563174011449865 28
7.089601917188124 6
7.122886433231261 -16
7.156170949274397 -36
7.1894554653175335 -56
7.222739981360671 -74
7.256024497403808 -86
7.289309013446945 -96
7.322593529490081 -100
7.355878045533218 -100
7.389162561576353 -96
7.42244707761949 -88
7.455731593662628 -74
7.489016109705765 -58
7.522300625748902 -38
7.555585141792039 -18
7.588869657835175 2
7.622154173878312 24
7.655438689921449 44
7.6887232059645845 60
7.722007722007722 78
7.755292238050859 90
7.788576754093994 98
7.8218612701371315 98
7.855145786180269 98
7.888430302223406 92
7.921714818266543 82
7.9549993343096785 68
7.988283850352816 50
8.021568366395952 32
8.05485288243909 14
8.088137398482226 -10
8.121421914525364 -28
8.154706430568499 -48
8.187990946611636 -64
8.221275462654773 -76
8.25455997869791 -86
8.287844494741048 -92
8.321129010784185 -92
8.35441352682732 -90
8.387698042870456 -82
8.420982558913593 -70
8.45426707495673 -58
8.487551590999868 -40
8.520836107043005 -22
8.55412062308614 -2
8.587405139129277 18
8.620689655172415 36
8.653974171215552 54
8.687258687258689 66
8.720543203301826 80
8.75382771934496 86
8.787112235388097 90
8.820396751431234 90
8.853681267474371 84
8.886965783517509 78
8.920250299560644 66
8.953534815603781 50
8.986819331646918 32
9.020103847690056 12
9.053388363733193 -6
9.08667287977633 -24
9.119957395819464 -42
9.153241911862601 -56
9.186526427905738 -70
9.219810943948875 -80
9.253095459992013 -84
9.28637997603515 -86
9.319664492078285 -84
9.352949008121422 -78
9.38623352416456 -68
9.419518040207697 -56
9.452802556250834 -40
9.48608707229397 -22
9.519371588337105 -6
9.552656104380242 12
9.58594062042338 30
9.619225136466516 46
9.652509652509654 60
9.68579416855279 70
9.719078684595926 78
9.752363200639063 84
9.7856477166822 80
9.818932232725338 80
9.852216748768473 70
9.885501264811609 62
9.918785780854746 46
9.952070296897883 34
9.98535481294102 18
10.018639328984158 -4
10.051923845027295 -18
10.08520836107043 -36
10.118492877113567 -50
10.151777393156705 -62
10.185061909199842 -72
10.218346425242977 -76
10.251630941286114 -80
10.28491545732925 -78
10.318199973372387 -72
10.351484489415524 -64
10.384769005458661 -54
10.418053521501799 -40
10.451338037544936 -26
10.484622553588071 -8
10.517907069631208 8
10.551191585674344 24
10.584476101717481 40
10.617760617760618 52
10.651045133803756 62
10.684329649846891 70
10.717614165890028 74
10.750898681933165 74
10.784183197976303 72
10.81746771401944 66
10.850752230062575 56
10.884036746105712 44
10.917321262148848 32
10.950605778191985 16
10.983890294235122 0
11.01717481027826 -14
11.050459326321395 -32
11.083743842364532 -44
11.11702835840767 -56
11.150312874450806 -64
11.183597390493944 -70
11.21688190653708 -72
11.250166422580216 -70
11.283450938623352 -68
11.316735454666489 -60
11.350019970709626 -50
11.383304486752763 -38
11.4165890027959 -24
11.449873518839036 -10
11.483158034882173 6
11.51644255092531 20
11.549727066968448 34
11.583011583011585 46
11.616296099054722 56
11.649580615097856 62
11.682865131140993 66
11.71614964718413 68
11.749434163227267 66
11.782718679270404 60
11.81600319531354 52
11.849287711356677 42
11.882572227399814 30
11.915856743442951 16
11.949141259486089 4
11.982425775529226 -12
12.01571029157236 -26
12.048994807615497 -40
12.082279323658634 -50
12.115563839701771 -58
12.148848355744908 -62
12.182132871788045 -66
12.215417387831181 -66
12.248701903874318 -62
12.281986419917455 -56
12.315270935960593 -46
12.34855545200373 -36
12.381839968046865 -24
12.41512448409 -10
12.448409000133138 4
12.481693516176275 16
12.514978032219412 30
12.54826254826255 40
12.581547064305687 50
12.614831580348822 56
12.64811609639196 60
12.681400612435096 60
12.714685128478234 60
12.747969644521369 56
12.781254160564504 48
12.814538676607642 38
12.847823192650779 28
12.881107708693916 16
12.914392224737053 2
12.94767674078019 -10
12.980961256823326 -22
13.014245772866463 -34
13.0475302889096 -44
13.080814804952736 -52
13.114099320995873 -56
13.14738383703901 -60
13.180668353082146 -58
13.213952869125283 -56
13.24723738516842 -50
13.280521901211557 -44
13.313806417254694 -34
13.347090933297832 -22
13.380375449340967 -10
13.413659965384104 2
13.44694448142724 14
13.480228997470377 26
13.513513513513514 36
13.546798029556651 44
13.580082545599787 50
13.613367061642924 54
13.646651577686061 56
13.679936093729198 54
13.713220609772335 50
13.746505125815471 44
13.779789641858608 36
13.813074157901744 26
13.84635867394488 14
13.879643189988018 4
13.912927706031155 -8
13.94621222207429 -20
13.979496738117428 -30
14.012781254160565 -40
14.046065770203702 -46
14.07935028624684 -52
14.112634802289977 -52
14.145919318333112 -52
14.179203834376247 -50
14.212488350419385 -46
14.245772866462522 -38
14.279057382505659 -30
14.312341898548796 -20
14.345626414591932 -10
14.378910930635069 2
14.412195446678206 14
14.445479962721343 22
14.47876447876448 32
14.512048994807618 38
14.545333510850751 46
14.578618026893889 48
14.611902542937026 50
14.645187058980163 48
14.6784715750233 46
14.711756091066436 40
14.745040607109573 32
14.77832512315271 24
14.811609639195847 12
14.844894155238984 4
14.878178671282122 -8
14.911463187325255 -18
14.944747703368392 -28
14.97803221941153 -34
15.011316735454667 -42
15.044601251497804 -46
15.077885767540941 -48
15.111170283584077 -48
15.144454799627214 -46
15.177739315670351 -42
15.211023831713486 -34
15.244308347756625 -26
15.277592863799761 -18
15.310877379842896 -10
15.344161895886035 2
15.37744641192917 12
15.41073092797231 20
15.444015444015445 30
15.47729996005858 36
15.510584476101716 40
15.543868992144855 44
15.57715350818799 44
15.610438024231126 44
15.643722540274265 40
15.6770070563174 34
15.71029157236054 28
15.743576088403675 20
15.77686060444681 12
15.810145120489949 2
15.843429636533084 -8
15.876714152576223 -16
15.909998668619359 -26
15.943283184662498 -32
15.976567700705633 -36
16.00985221674877 -42
16.043136732791908 -44
16.076421248835043 -44
16.109705764878182 -42
16.142990280921317 -36
16.17627479696445 -32
16.20955931300759 -24
16.242843829050724 -16
16.276128345093863 -8
16.309412861136998 2
16.342697377180137 12
16.375981893223273 20
16.409266409266408 28
16.442550925309547 32
16.475835441352682 36
16.50911995739582 40
16.542404473438957 40
16.575688989482092 38
16.60897350552523 34
16.642258021568367 32
16.675542537611506 24
16.70882705365464 18
16.742111569697776 10
16.775396085740915 2
16.80868060178405 -8
16.84196511782719 -16
16.87524963387032 -24
16.90853414991346 -30
16.941818665956596 -34
16.97510318199973 -36
17.00838769804287 -38
17.041672214086006 -40
17.074956730129145 -36
17.10824124617228 -32
17.141525762215416 -28
17.174810278258555 -20
17.20809479430169 -14
17.24137931034483 -6
17.274663826387965 2
17.307948342431104 10
17.34123285847424 18
17.374517374517374 24
17.407801890560513 30
17.44108640660365 34
17.474370922646788 36
17.507655438689923 36
17.54093995473306 34
17.574224470776198 30
17.60750898681933 28
17.64079350286247 22
17.674078018905604 16
17.70736253494874 6
17.74064705099188 0
17.773931567035014 -8
17.807216083078153 -14
17.840500599121288 -20
17.873785115164427 -26
17.907069631207563 -30
17.940354147250698 -34
17.973638663293837 -34
18.006923179336972 -34
18.04020769538011 -32
18.073492211423247 -28
18.106776727466382 -24
18.14006124350952 -18
18.173345759552657 -10
18.206630275595796 -4
18.23991479163893 4
18.27319930768207 10
18.306483823725205 18
18.339768339768337 24
18.373052855811476 28
18.40633737185461 32
18.43962188789775 32
18.472906403940886 32
18.50619091998402 30
18.53947543602716 28
18.572759952070296 24
18.606044468113435 18
18.63932898415657 12
18.672613500199706 4
18.705898016242845 -2
18.73918253228598 -8
18.77246704832912 -14
18.805751564372255 -20
18.839036080415394 -26
18.87232059645853 -28
18.905605112501664 -30
18.938889628544803 -30
18.97217414458794 -30
19.005458660631078 -28
19.03874317667421 -24
19.072027692717345 -20
19.105312208760484 -14
19.13859672480362 -8
19.17188124084676 0
19.205165756889894 6
19.238450272933033 12
19.27173478897617 16
19.305019305019304 20
19.338303821062443 26
19.371588337105578 28
19.404872853148717 28
19.438157369191853 28
19.471441885234988 28
19.504726401278127 24
19.538010917321262 20
19.5712954333644 14
19.604579949407537 8
19.637864465450672 2
19.67114898149381 -4
19.704433497536947 -10
19.737718013580086 -16
19.771002529623217 -22
19.804287045666356 -24
19.837571561709492 -26
19.870856077752627 -28
19.904140593795766 -28
19.9374251098389 -26
19.97070962588204 -24
20.003994141925176 -20
20.03727865796831 -16
20.07056317401145 -10
20.103847690054586 -4
20.137132206097725 2
20.17041672214086 6
20.203701238184 12
20.236985754227135 16
20.27027027027027 20
20.30355478631341 24
20.336839302356545 26
20.370123818399684 26
20.40340833444282 24
20.436692850485954 24
20.469977366529093 20
20.503261882572225 16
20.536546398615364 10
20.5698309146585 6
20.603115430701635 0
20.636399946744774 -6
20.66968446278791 -10
20.70296897883105 -14
20.736253494874184 -20
20.769538010917323 -22
20.80282252696046 -24
20.836107043003594 -24
20.869391559046733 -24
20.902676075089868 -22
20.935960591133007 -20
20.969245107176143 -16
21.002529623219278 -12
21.035814139262417 -8
21.069098655305552 -2
21.10238317134869 2
21.135667687391827 8
21.168952203434966 12
21.2022367194781 16
21.235521235521233 20
21.268805751564372 22
21.302090267607507 24
21.335374783650646 22
21.368659299693782 22
21.401943815736917 20
21.435228331780056 16
21.46851284782319 12
21.50179736386633 8
21.535081879909466 2
21.5683663959526 -2
21.60165091199574 -8
21.634935428038876 -12
21.668219944082015 -16
21.70150446012515 -18
21.73478897616829 -20
21.768073492211425 -22
21.80135800825456 -22
21.8346425242977 -20
21.867927040340835 -18
21.901211556383974 -16
21.934496072427105 -12
21.96778058847024 -10
22.00106510451338 -4
22.034349620556515 2
22.067634136599654 6
22.10091865264279 10
22.13420316868593 14
22.167487684729064 16
22.2007722007722 20
22.23405671681534 20
22.267341232858474 22
22.300625748901613 20
22.33391026494475 18
22.367194780987884 16
22.400479297031023 12
22.433763813074158 8
22.467048329117297 4
22.500332845160433 0
22.533617361203568 -6
22.566901877246707 -8
22.600186393289842 -12
22.63347090933298 -16
22.666755425376113 -18
22.700039941419252 -20
22.733324457462388 -20
22.766608973505523 -20
22.799893489548662 -18
22.833178005591797 -16
22.866462521634936 -12
22.899747037678072 -10
22.933031553721207 -6
22.966316069764346 -2
22.99960058580748 4
23.03288510185062 8
23.066169617893756 12
23.099454133936895 14
23.13273864998003 18
23.166023166023166 18
23.199307682066305 18
23.23259219810944 18
23.26587671415258 18
23.299161230195715 16
23.33244574623885 12
23.36573026228199 8
23.39901477832512 6
23.43229929436826 2
23.465583810411395 -4
23.49886832645453 -8
23.53215284249767 -10
23.565437358540805 -14
23.598721874583944 -18
23.63200639062708 -18
23.66529090667022 -18
23.698575422713354 -18
23.73185993875649 -18
23.76514445479963 -16
23.798428970842764 -14
23.831713486885903 -10
23.86499800292904 -8
23.898282518972174 -2
23.931567035015313 2
23.964851551058448 6
23.998136067101587 10
24.031420583144723 12
24.06470509918786 14
24.097989615230993 16
24.13127413127413 18
24.164558647317268 18
24.197843163360403 16
24.231127679403542 14
24.264412195446678 12
24.297696711489813 8
24.330981227532952 6
24.364265743576087 2
24.397550259619226 -2
24.430834775662362 -6
24.464119291705497 -10
24.497403807748636 -12
24.53068832379177 -14
24.56397283983491 -16
24.597257355878046 -18
24.630541871921185 -18
24.66382638796432 -16
24.697110904007456 -16
24.730395420050595 -14
24.76367993609373 -10
24.79696445213687 -6
24.83024896818 -4
24.863533484223137 0
24.896818000266276 4
24.93010251630941 8
24.96338703235255 12
24.996671548395685 14
25.029956064438824 14
25.06324058048196 16
25.096525096525095 16
25.129809612568234 16
25.16309412861137 14
25.19637864465451 12
25.229663160697644 10
25.26294767674078 6
25.29623219278392 2
25.329516708827054 0
25.362801224870193 -4
25.39608574091333 -8
25.429370256956464 -10
25.462654772999603 -14
25.495939289042738 -14
25.529223805085877 -16
25.56250832112901 -16
25.595792837172148 -16
25.629077353215283 -14
25.66236186925842 -12
25.695646385301558 -12
25.728930901344693 -8
25.762215417387832 -4
25.795499933430968 0
25.828784449474103 4
25.862068965517242 6
25.895353481560377 10
25.928637997603516 12
25.961922513646652 14
25.99520702968979 14
26.028491545732926 14
26.06177606177606 14
26.0950605778192 14
26.128345093862336 14
26.161629609905475 10
26.19491412594861 6
26.228198641991746 4
26.261483158034885 -2
26.294767674078017 -4
26.328052190121156 -6
26.36133670616429 -8
26.394621222207427 -12
26.427905738250566 -12
26.4611902542937 -14
26.49447477033684 -16
26.527759286379975 -14
26.561043802423114 -14
26.59432831846625 -12
26.627612834509385 -10
26.660897350552524 -8
26.69418186659566 -4
26.7274663826388 0
26.760750898681934 2
26.79403541472507 6
26.82731993076821 8
26.860604446811344 10
26.893888962854483 12
26.92717347889762 12
26.960457994940757 14
26.99374251098389 14
27.027027027027025 12
27.060311543070164 12
27.0935960591133 10
27.126880575156438 6
27.160165091199573 4
27.19344960724271 0
27.226734123285848 -2
27.260018639328983 -6
27.293303155372122 -8
27.326587671415258 -10
27.359872187458393 -12
27.393156703501532 -14
27.426441219544667 -12
27.459725735587806 -14
27.493010251630942 -14
27.52629476767408 -12
27.559579283717216 -10
27.59286379976035 -8
27.62614831580349 -4
27.659432831846626 -2
27.692717347889765 2
27.726001863932897 4
27.759286379976032 8
27.79257089601917 10
27.825855412062307 12
27.859139928105446 12
27.89242444414858 14
27.92570896019172 12
27.958993476234856 12
27.99227799227799 10
28.02556250832113 8
28.058847024364265 6
28.092131540407404 4
28.12541605645054 2
28.158700572493675 -2
28.191985088536814 -4
28.22526960457995 -6
28.25855412062309 -10
28.291838636666224 -12
28.32512315270936 -12
28.3584076687525 -14
28.391692184795634 -12
28.424976700838773 -12
28.458261216881905 -10
28.491545732925044 -8
28.52483024896818 -6
28.558114765011315 -4
28.591399281054453 -2
28.62468379709759 2
28.657968313140728 4
28.691252829183863 6
28.724537345227 8
28.757821861270138 10
28.791106377313273 12
28.824390893356412 12
28.857675409399548 12
28.890959925442687 12
28.924244441485822 12
28.957528957528957 10
28.990813473572096 6
29.024097989615232 4
29.05738250565837 2
29.090667021701506 -2
29.12395153774464 -4
29.157236053787777 -6
29.190520569830912 -8
29.22380508587405 -10
29.257089601917187 -12
29.290374117960322 -12
29.32365863400346 -12
29.356943150046597 -10
29.390227666089736 -10
29.42351218213287 -10
29.45679669817601 -6
29.490081214219146 -6
29.52336573026228 -2
29.55665024630542 0
29.589934762348555 2
29.623219278391694 4
29.65650379443483 6
29.689788310477965 10
29.723072826521104 10
29.75635734256424 10
29.78964185860738 10
29.822926374650514 10
29.856210890693653 10
29.889495406736785 8
29.92277992277992 6
29.95606443882306 4
29.989348954866195 2
30.022633470909334 -2
30.05591798695247 -4
30.089202502995605 -6
30.122487019038743 -8
30.15577153508188 -10
30.189056051125018 -10
30.222340567168153 -10
30.25562508321129 -12
30.288909599254428 -10
30.322194115297563 -10
30.355478631340702 -8
30.388763147383838 -8
30.422047663426977 -4
30.455332179470112 -2
30.488616695513247 0
30.521901211556386 4
30.555185727599522 4
30.58847024364266 6
30.621754759685793 8
30.655039275728928 10
30.688323791772067 10
30.721608307815202 10
30.75489282385834 10
30.788177339901477 10
30.821461855944616 8
30.85474637198775 6
30.888030888030887 4
30.921315404074026 2
30.95459992011716 0
30.9878844361603 -4
31.021168952203436 -6
31.05445346824657 -6
31.08773798428971 -8
31.121022500332845 -10
31.154307016375984 -10
31.18759153241912 -10
31.22087604846225 -10
31.25416056450539 -10
31.28744508054853 -8
31.32072959659167 -6
31.3540141126348 -4
31.38729862867794 -2
31.42058314472108 0
31.45386766076421 2
31.48715217680735 6
31.520436692850488 6
31.553721208893627 8
31.58700572493676 8
31.620290240979898 10
31.653574757023037 10
31.68685927306617 10
31.720143789109308 8
31.75342830515244 8
31.78671282119558 6
31.819997337238718 4
31.85328185328185 2
31.88656636932499 0
31.919850885368128 -4
31.95313540141126 -4
31.9864199174544 -6
32.01970443349754 -8
32.05298894954067 -8
32.08627346558381 -10
32.11955798162695 -10
32.152842497670086 -10
32.18612701371322 -8
32.21941152975636 -8
32.252696045799496 -6
32.28598056184263 -4
32.31926507788577 -2
32.352549593928906 0
32.38583410997204 2
32.41911862601518 4
32.452403142058316 6
32.485687658101455 6
32.51897217414459 8
32.552256690187725 8
32.585541206230864 8
32.618825722273996 8
32.652110238317135 8
32.685394754360274 6
32.71867927040341 6
32.751963786446545 4
32.785248302489684 2
32.81853281853282 0
32.851817334575955 -2
32.885101850619094 -4
32.91838636666223 -6
32.951670882705365 -8
32.984955398748504 -8
33.01823991479164 -8
33.05152443083478 -10
33.084808946877914 -10
33.11809346292105 -8
33.151377978964184 -8
33.184662495007316 -6
33.217947011050455 -4
33.251231527093594 -2
33.28451604313673 0
33.317800559179865 2
33.351085075223004 4
33.38436959126614 6
33.417654107309275 8
33.450938623352414 8
33.48422313939555 8
33.51750765543869 8
33.550792171481824 8
33.58407668752496 8
33.6173612035681 6
33.650645719611234 4
33.68393023565437 4
33.71721475169751 2
33.75049926774064 0
33.78378378378378 -2
33.81706829982692 -4
33.85035281587006 -6
33.88363733191319 -6
33.91692184795633 -8
33.95020636399947 -10
33.9834908800426 -8
34.01677539608574 -8
34.05005991212888 -8
34.08334442817202 -6
34.11662894421515 -6
34.14991346025829 -4
34.18319797630143 -2
34.21648249234456 0
34.2497670083877 2
34.28305152443084 4
34.31633604047397 6
34.34962055651711 6
34.38290507256025 8
34.41618958860339 8
34.44947410464652 8
34.48275862068966 8
34.5160431367328 6
34.54932765277593 6
34.58261216881906 6
34.6158966848622 4
34.64918120090534 2
34.68246571694847 0
34.71575023299161 -2
34.74903474903475 -4
34.78231926507788 -6
34.81560378112102 -6
34.84888829716416 -8
34.88217281320729 -8
34.91545732925043 -8
34.94874184529357 -8
34.98202636133671 -8
35.01531087737984 -6
35.04859539342298 -6
35.08187990946612 -4
35.11516442550925 -2
35.14844894155239 0
35.18173345759553 2
35.215017973638666 4
35.2483024896818 6
35.28158700572494 6
35.314871521768076 8
35.34815603781121 8
35.38144055385435 8
35.414725069897486 8
35.448009585940625 6
35.48129410198376 6
35.514578618026896 4
35.547863134070035 2
35.58114765011317 2
35.614432166156305 0
35.647716682199444 -2
35.681001198242576 -4
35.714285714285715 -6
35.747570230328854 -6
35.78085474637199 -8
35.814139262415125 -8
35.847423778458264 -8
35.8807082945014 -8
35.913992810544535 -6
35.947277326587674 -6
35.98056184263081 -6
36.01384635867395 -4
36.04713087471708 -2
36.080415390760216 0
36.113699906803355 2
36.14698442284649 4
36.180268938889625 4
36.213553454932764 4
36.246837970975896 6
36.280122487019035 8
36.313407003062174 8
36.34669151910531 8
36.379976035148445 6
36.413260551191584 6
36.44654506723472 4
36.479829583277855 2
36.513114099320994 0
36.54639861536413 -2
36.57968313140727 -2
36.612967647450404 -4
36.64625216349354 -4
36.67953667953668 -4
36.712821195579814 -8
36.74610571162295 -8
36.77939022766609 -8
36.81267474370922 -8
36.84595925975236 -6
36.8792437757955 -6
36.91252829183864 -4
36.94581280788177 -4
36.97909732392491 -2
37.01238183996805 0
37.04566635601118 2
37.07895087205432 4
37.11223538809746 4
37.1455199041406 6
37.17880442018373 6
37.21208893622687 8
37.24537345227001 8
37.27865796831314 6
37.31194248435628 6
37.34522700039942 6
37.37851151644256 4
37.41179603248569 2
37.44508054852883 2
37.47836506457196 0
37.51164958061509 -2
37.54493409665823 -4
37.57821861270137 -4
37.6115031287445 -6
37.64478764478764 -6
37.67807216083078 -6
37.71135667687392 -6
37.74464119291705 -6
37.77792570896019 -6
37.81121022500333 -6
37.84449474104646 -4
37.8777792570896 -2
37.91106377313274 -2
37.94434828917588 0
37.97763280521901 2
38.01091732126215 2
38.04420183730529 4
38.07748635334842 6
38.11077086939156 6
38.1440553854347 6
38.17733990147783 6
38.21062441752097 6
38.24390893356411 6
38.277193449607246 4
38.31047796565038 2
38.34376248169352 2
38.377046997736656 0
38.41033151377979 -2
38.44361602982293 -2
38.476900545866066 -4
38.510185061909205 -6
38.54346957795234 -6
38.576754093995476 -6
38.610038610038615 -6
38.64332312608175 -6
38.676607642124885 -6
38.709892158168024 -6
38.743176674211156 -6
38.776461190254295 -4
38.809745706297434 -2
38.84303022234057 -2
38.876314738383705 0
38.90959925442684 2
38.942883770469976 4
38.97616828651311 4
39.00945280255625 6
39.042737318599386 6
39.076021834642525 6
39.10930635068566 6
39.142590866728796 6
39.175875382771935 6
39.20915989881507 4
39.242444414858205 4
39.275728930901344 2
39.30901344694448 2
39.342297962987615 0
39.375582479030754 -2
39.40886699507389 -4
39.442151511117025 -4
39.475436027160164 -6
39.5087205432033 -6
39.542005059246435 -8
39.575289575289574 -8
39.60857409133271 -6
39.64185860737585 -6
39.675143123418984 -6
39.70842763946212 -4
39.74171215550526 -2
39.774996671548394 -2
39.80828118759153 0
39.84156570363467 2
39.87485021967781 2
39.90813473572094 4
39.94141925176408 4
39.97470376780722 6
40.00798828385035 6
40.04127279989349 6
40.07455731593663 6
40.10784183197976 6
40.1411263480229 4
40.17441086406604 4
40.20769538010918 2
40.24097989615231 0
40.27426441219545 0
40.30754892823859 -2
40.340833444281714 -4
40.37411796032485 -4
40.40740247636799 -6
40.44068699241113 -6
40.47397150845426 -6
40.5072560244974 -6
40.54054054054054 -6
40.57382505658367 -6
40.60710957262681 -4
40.64039408866995 -4
40.67367860471308 -2
40.70696312075622 0
40.74024763679936 0
40.7735321528425 0
40.80681666888563 2
40.84010118492877 4
40.87338570097191 4
40.90667021701504 6
40.93995473305818 6
40.97323924910132 6
41.00652376514446 6
41.03980828118759 4
41.07309279723073 4
41.10637731327387 4
41.139661829317 2
41.17294634536014 0
41.20623086140328 -2
41.239515377446416 -2
41.27279989348955 -4
